-6.291065186399301679e-01
-1.154171220310691165e-01
3.517168435115663461e-01
1.451876715700272380e-01
7.750946223603623064e-01
1.334798017400123049e+00
2.033621284659623107e+00
8.762597640681903943e-01
9.000948355555530300e-01
1.588490323080328226e-01
5.722365798804811554e-01
-2.530768504054487500e-01
2.068430011603864804e-01
-5.961799790105282160e-02
1.586043174296417058e-01
9.378011459408995831e-01
6.004174942621248734e-01
5.313919797316345450e-01
1.512363932519609211e-01
5.785899184107593518e-01
4.857917283291102173e-01
4.211103994485237978e-01
1.657271978113510125e+00
7.826588050591772872e-01
-2.160600824774592810e-01
-2.193979718170489257e-01
-1.016246923419434622e-01
1.504028621379622233e-01
-6.318166662007158874e-02
-5.204004188749582482e-01
-2.747759296074700486e-01
-2.899839180057553367e+00
-3.762279437960672768e-01
3.315091520985395057e+00
-2.842042182778705683e-01
2.556340186076754839e-01
-1.804704365811151123e-01
-5.143071132567033077e-01
-1.873580683779680900e-01
3.130757202122650407e-01
-3.848011571620582605e-02
-3.281151712693333167e-01
-5.745760926988549011e-01
-2.848108365572645795e-01
-3.769112013447408205e-01
-3.861405120580038153e-01
-1.540385984334722957e+00
-7.597277280055659832e-01
-1.317710976345213947e+00
-8.365221303333404412e-01
-5.786273323129464963e-01
5.915269901065097757e-01
2.148473903337926760e+00
2.519482465743510535e-01
1.712179149651305975e-03
6.672901535356074755e-04
8.670601997864545336e-04
-2.968039873092890968e+00
